"SITE","YEAR","TL2_WHPT_NTAXA_AbW_DistFam_spr","TL2_WHPT_ASPT_AbW_DistFam_spr","TL2_WHPT_NTAXA_AbW_DistFam_aut","TL2_WHPT_ASPT_AbW_DistFam_aut","TL2_WHPT_NTAXA_AbW_DistFam_sum","TL2_WHPT_ASPT_AbW_DistFam_sum"
"MYR-GB-01-R",2016,27.3034177153992,6.69529166842742,26.964737974861,6.34146345665054,25.1806036086311,6.28047581052168
"MYR-GB-01-R",2017,27.3034177153992,6.69529166842742,26.964737974861,6.34146345665054,25.1806036086311,6.28047581052168
"MYR-GB-01-R",2018,27.3034177153992,6.69529166842742,26.964737974861,6.34146345665054,25.1806036086311,6.28047581052168
"MYR-GB-05-R",2016,26.3593004471526,5.30221911682503,27.7907153390327,5.14706536179554,27.835521656626,5.15992508540814
"MYR-GB-05-R",2017,26.3593004471526,5.30221911682503,27.7907153390327,5.14706536179554,27.835521656626,5.15992508540814
"MYR-GB-05-R",2018,26.3593004471526,5.30221911682503,27.7907153390327,5.14706536179554,27.835521656626,5.15992508540814
"MYR-GB-07-R",2017,26.9213453572013,4.09385543210715,26.1534147229993,3.96738784351093,28.9980172467853,4.00095335879877
"MYR-GB-09-R",2016,15.854800768815,6.92334904902211,17.2026070088637,7.00172866584613,14.0408609165637,6.19522666715198
"MYR-GB-09-R",2017,15.854800768815,6.92334904902211,17.2026070088637,7.00172866584613,14.0408609165637,6.19522666715198
"MYR-GB-09-R",2018,15.854800768815,6.92334904902211,17.2026070088637,7.00172866584613,14.0408609165637,6.19522666715198
"MYR-GB-12-R",2016,24.9819302118425,7.34269051330884,23.4449877566868,7.10914150269247,23.3735739912236,6.85982121877504
"MYR-GB-12-R",2018,24.9819302118425,7.34269051330884,23.4449877566868,7.10914150269247,23.3735739912236,6.85982121877504
"MYR-GB-01-D",2018,27.3034177153992,6.69529166842742,26.964737974861,6.34146345665054,25.1806036086311,6.28047581052168
"MYR-GB-01-D",2018,27.3034177153992,6.69529166842742,26.964737974861,6.34146345665054,25.1806036086311,6.28047581052168
"MYR-GB-01-D",2018,27.3034177153992,6.69529166842742,26.964737974861,6.34146345665054,25.1806036086311,6.28047581052168
"MYR-GB-05-D",2018,26.3593004471526,5.30221911682503,27.7907153390327,5.14706536179554,27.835521656626,5.15992508540814
"MYR-GB-05-D",2018,26.3593004471526,5.30221911682503,27.7907153390327,5.14706536179554,27.835521656626,5.15992508540814
"MYR-GB-05-D",2018,26.3593004471526,5.30221911682503,27.7907153390327,5.14706536179554,27.835521656626,5.15992508540814
"MYR-GB-07-D",2018,26.9213453572013,4.09385543210715,26.1534147229993,3.96738784351093,28.9980172467853,4.00095335879877
"MYR-GB-09-D",2018,15.854800768815,6.92334904902211,17.2026070088637,7.00172866584613,14.0408609165637,6.19522666715198
"MYR-GB-09-D",2018,15.854800768815,6.92334904902211,17.2026070088637,7.00172866584613,14.0408609165637,6.19522666715198
"MYR-GB-09-D",2018,15.854800768815,6.92334904902211,17.2026070088637,7.00172866584613,14.0408609165637,6.19522666715198
"MYR-GB-12-D",2018,24.9819302118425,7.34269051330884,23.4449877566868,7.10914150269247,23.3735739912236,6.85982121877504
"MYR-GB-12-D",2018,24.9819302118425,7.34269051330884,23.4449877566868,7.10914150269247,23.3735739912236,6.85982121877504
