   12.3668040   -8.3004260    6.1813751   14.1658136  -10.1420704   30.9054834    5.5750027   30.6852748   73.5016344  126.8878993  106.4491446  116.3054146  -14.5713968
   13.2981544   -8.1408051    7.8247188   12.7045953   -8.6432827   29.9042145    3.5867488   32.8714569   75.5887830  126.7345289  105.0409922  115.5449965  -14.5490366
   10.8137412   -8.6184932    7.7314198    7.6847324   -9.2076496   31.4862693    4.4535984   33.2561902   73.9626589  126.6717370  106.2672511  115.7625223  -14.5448710
   12.2202368   -7.3578598    8.0205022    9.4224371  -10.1015062   31.0038094    4.0898319   33.1666436   73.7032490  127.6936623  106.0211246  116.2574544  -14.5795188
   11.3949916   -7.1892087    7.1893197    7.7079444   -8.7794370   32.0719453    4.9301583   32.8004711   73.6745607  127.2467334  105.5950215  115.7800002  -15.1839718
   12.4307982   -5.8952608    7.8432159    9.9912874   -9.2277178   30.5053017    3.5990267   32.9274577   74.4969553  128.2439467  105.6242261  116.2513156  -14.5508878
   13.2432399   -6.7427901    8.7564530   10.0310266  -10.0411442   30.4313863    2.0879982   33.8277448   73.7140798  127.6077287  106.7257451  116.1113759  -14.7550516
   12.6092665   -7.5039542   10.3681615    9.2069494   -7.7391784   30.1382779    4.5784805   32.2999379   73.8606395  127.1613483  106.1302333  115.5502232  -14.9583734
   13.3912911   -5.7490819    9.1923647    9.2827455   -8.3318580   29.8139607    3.7993282   31.9851351   74.2436106  128.4141455  105.7402555  115.4475382  -14.2635200
   12.2376009   -6.2744368    9.1585678    9.5245131   -7.5778115   29.9099000    4.1860093   32.2640026   74.3660958  127.4160729  106.2494436  115.5441981  -14.6319119
   13.1938151   -4.3086343    9.4951612    9.6249053   -7.6361994   30.7853657    4.6643634   32.2717835   73.9833403  127.4340456  105.5707762  116.4628778  -14.4825312
   13.6864349   -4.8583690    9.6450473    9.5536395   -8.0371559   30.0130597    4.5290386   32.6800806   73.5159169  127.0998916  106.1628812  116.0971285  -14.7360029
   12.5324371   -6.2059927    8.7824156    9.5318742   -8.9127816   30.4884728    3.0374944   33.3477091   73.8053452  126.9813795  106.3687653  116.0285860  -14.3745899
   12.0415960   -6.3962291    9.7485486    8.5516095   -7.6914754   30.3286247    4.7543964   32.8515876   73.9291061  126.6935931  105.8921390  115.9848592  -14.6509350
   11.9959313   -6.4498631    9.2278006    8.3341879   -7.3621795   31.1472575    4.6479038   32.5414014   73.6579866  126.8681048  105.6420287  116.3985370  -14.1032169
   13.6145956   -6.5576009   11.2016814    9.2222964   -8.4415411   29.3887977    4.6589731   32.1400862   74.2294402  126.6714730  106.2666168  115.8216860  -14.4690654
   15.5518981   -3.5927418   10.5490183    9.7135969   -9.1906364   31.5075445    3.7717118   32.0837155   73.8791817  126.6246634  105.8315211  115.6797186  -14.6836190
   14.6106594   -3.4893916    9.7676691    9.9766320   -8.2149853   30.6728743    3.6837690   32.2364377   73.9733201  126.8913655  106.3084528  115.7265366  -14.6069641
   14.9309742   -4.4325487    9.7762325   10.5665466   -8.3228049   30.8070967    4.2466925   32.3815317   73.8801887  127.1120889  106.2712870  116.1385557  -14.3159372
   15.4641512   -5.4574990    9.7947151   10.1793313   -9.0054770   29.4824768    4.3456200   32.3669466   74.3943357  126.8159362  105.4757334  115.6916342  -14.8788632
   15.7363443   -5.2163280   10.8737901   10.1004642   -9.4464027   30.6788518    4.3513975   32.8907205   74.2535592  126.7130394  105.7224643  115.8819366  -14.9115573
   14.5890707   -3.8119564    9.6373983   10.3911159   -7.7040941   30.2696384    4.2341921   32.6068260   73.5936716  126.8161471  105.8792014  116.0395745  -14.5786163
   14.7159762   -6.3048455   10.0037429   10.6582654   -8.5222870   29.0810862    4.0027765   33.5511225   73.8238517  126.7580930  106.3812207  116.3514196  -14.7267513
   16.5647017   -5.0954880   10.6599727   10.0798983   -9.0208361   30.2843458    4.7695533   33.2878831   74.2385148  127.4529900  106.1693696  116.5658958  -14.6049707
   15.2207308   -6.0006852   10.6962109    8.4110585  -10.5261436   30.6966978    4.2322709   31.5148408   73.7892943  126.9633845  105.7248347  115.8800886  -14.3407140
   15.4115395   -6.1712646   11.5211585    9.4526314   -9.0214538   29.7995067    4.4182623   32.5165173   74.2973217  127.3046804  106.0132290  116.1470485  -14.5281101
   16.3697589   -7.7254713   11.2170852    9.9864530   -8.8803457   30.3175524    3.9797326   32.2070023   73.5017391  127.6323709  106.3374404  115.4330972  -14.3010725
   15.3051868   -7.2869739   10.9983788   10.9343271   -8.8525918   29.7732904    4.5191989   33.2057798   73.6089366  127.2699590  106.1236551  115.8790892  -14.8358463
   15.5821300   -7.9490558   11.3750767    8.8682232  -10.9689636   31.3204616    3.4162733   31.8190299   74.8765386  127.0359785  106.0957880  116.3782329  -14.9830600
   17.0730820   -9.4625648   12.3319554   11.4294367   -6.1658630   32.7055521    3.2146703   32.2701530   73.7182365  127.3027204  105.9282357  116.0590968  -14.5914144
   16.3328501   -4.6451194    9.8327280    9.9327815   -8.8441458   30.6990087    3.0978912   32.5351282   72.8634197  127.4773546  105.5852312  115.8595043  -14.9421177
   16.2610443   -4.2414440    9.4955590   10.6813795   -9.1459405   30.6422918    4.1481995   32.9952330   73.8663996  126.9810330  105.8516936  115.8945053  -14.4100049
   18.0463983   -3.8438608    9.8363607    9.6078053   -8.9733830   30.6082482    3.8603692   32.9250403   74.3524853  127.4251470  106.0519169  115.9017104  -15.4003766
   19.8631219   -5.1172255    9.2681420    9.2616632   -8.9807681   31.7769950    4.1535280   33.1013636   74.7232535  126.7051017  106.2959977  115.6591199  -14.1084769
   18.4955861   -5.7260569   10.1363940    9.9346192   -9.0799628   30.5499373    4.9477124   33.2254989   73.3344625  127.3392061  105.4837071  115.6005153  -14.4171837
   19.6888289   -5.5366290    9.0097552   10.1460417   -8.6016097   30.8846449    4.9337301   32.4897261   73.6580721  127.0058337  106.2604418  115.7845583  -14.9495896
   19.2769314   -6.5320845    9.4780519    9.7192173   -8.7656346   30.3855374    5.0897103   33.0836117   74.1124448  127.4092821  106.2030283  115.8803148  -14.5339646
   19.3269699   -7.2684277    9.6719806    9.9841988   -8.8367983   30.6585270    5.0651386   33.1824726   73.6225308  127.4175630  105.9220410  115.8635779  -14.4657104
   18.8479013   -7.9034812   10.4056150    9.6093202   -8.2768261   30.4333409    4.0827768   32.8868129   74.3558674  126.7840422  105.7671205  116.1409785  -14.6338704
   18.8204075   -7.5755180   10.4986706    9.2264622   -9.4475929   29.6561647    3.7982259   32.0383880   73.2871280  127.1543786  105.7538035  116.5320389  -14.6556330
   20.6903942   -6.1251273    8.4854850    9.3524665   -8.1560390   30.4797272    4.2242611   32.0273162   74.0926263  127.1790370  106.1089670  115.9422231  -14.7366124
   20.7967310   -4.2157798    8.4892550    8.5657390   -7.8616957   30.8421315    4.3991266   32.0205015   75.3576755  127.7793628  106.1942896  116.2719237  -14.6288150
   23.0040773   -7.4614430    6.4096022    8.4434196   -7.8646329   29.0372995    2.9123847   32.1120591   73.1905746  126.5832445  105.7733364  116.0227767  -14.3921675
